step,time_s,position,velocity,energy
0,0.0000000000,1,0,2
1,0.0400000000,0.996814459829,-0.158874236443,1.99989864615
2,0.0800000000,0.987328811573,-0.314843195636,1.99919948324
3,0.1200000000,0.971678517905,-0.466949825622,1.99733935414
4,0.1600000000,0.950036622702,-0.61427304852,1.99380485802
5,0.2000000000,0.922612202489,-0.755933187956,1.98814404469
6,0.2400000000,0.889648607246,-0.891097068519,1.97997628151
7,0.2800000000,0.85142150428,-1.01898275871,1.96900008718
8,0.3200000000,0.808236739941,-1.1388639315,1.95499878282
9,0.3600000000,0.760428034956,-1.25007381931,1.93784386956
10,0.4000000000,0.708354530018,-1.3520087431,1.9174961011
11,0.4400000000,0.652398199027,-1.44413119827,1.8940042791
12,0.4800000000,0.592961147994,-1.52597248294,1.86750185541
13,0.5200000000,0.530462818172,-1.59713485745,1.83820147936
14,0.5600000000,0.465337112312,-1.65729322683,1.80638767603
15,0.6000000000,0.398029463254,-1.70619634139,1.77240788492
16,0.6400000000,0.32899386417,-1.74366751339,1.73666212394
17,0.6800000000,0.2586898798,-1.76960485108,1.69959157231
18,0.7200000000,0.187579657916,-1.78398101441,1.66166638601
19,0.7600000000,0.116124960007,-1.78684249953,1.62337307174
20,0.8000000000,0.0447842298429,-1.77830846249,1.58520174837
21,0.8400000000,-0.0259902819048,-1.75856909483,1.54763362016
22,0.8800000000,-0.0957553193612,-1.72788356698,1.5111289729
23,0.9200000000,-0.164079332536,-1.68657755754,1.47611598354
24,0.9600000000,-0.230545081645,-1.63504038919,1.44298060648
25,1.0000000000,-0.294752119373,-1.57372179403,1.41205776625
26,1.0400000000,-0.356319136756,-1.5031283335,1.38362404792
27,1.0800000000,-0.414886159397,-1.42381949956,1.35789203418
28,1.1200000000,-0.470116581826,-1.33640352588,1.335006393
29,1.1600000000,-0.521699029008,-1.24153293905,1.31504177311
30,1.2000000000,-0.569349035222,-1.13989988129,1.29800251749
31,1.2400000000,-0.612810531814,-1.03223123694,1.28382415906
32,1.2800000000,-0.651857136648,-0.919283596321,1.27237661843
33,1.3200000000,-0.686293239413,-0.801838090683,1.26346898276
34,1.3600000000,-0.715954878332,-0.680695132766,1.2568557075
35,1.4000000000,-0.740710405174,-0.556669097494,1.25224405072
36,1.4400000000,-0.760460936877,-0.430582977339,1.24930252322
37,1.4800000000,-0.775140593451,-0.303263046645,1.24767011696
38,1.5200000000,-0.784716523197,-0.175533568734,1.24696606043
39,1.5600000000,-0.789188717615,-0.0482115789249,1.24679984219
40,1.6000000000,-0.7885896197,0.0778982242511,1.24678124327
41,1.6400000000,-0.782983530563,0.202008448458,1.24653012489
42,1.6800000000,-0.772465820573,0.323353807646,1.24568573037
43,1.7200000000,-0.757161952348,0.441195724327,1.24391527775
44,1.7600000000,-0.737226324077,0.55482670713,1.2409216433
45,1.8000000000,-0.712840942643,0.66357447848,1.23644996326
46,1.8400000000,-0.684213937037,0.766805829146,1.23029301308
47,1.8800000000,-0.651577923403,0.863930178389,1.2222952571
48,1.9200000000,-0.615188233896,0.954402820607,1.21235549824
49,1.9600000000,-0.575321022218,1.03772784156,1.20042809378
50,2.0000000000,-0.532271259375,1.11346068956,1.18652274071
51,2.0400000000,-0.486350633681,1.18121038945,1.17070286984
52,2.0800000000,-0.437885369524,1.24064138948,1.15308272233
53,2.1200000000,-0.387213979726,1.29147503372,1.13382321355
54,2.1600000000,-0.334684966572,1.33349065524,1.11312671751
55,2.2000000000,-0.280654486753,1.36652628748,1.09123092906
56,2.2400000000,-0.225483995485,1.39047899385,1.06840198061
57,2.2800000000,-0.16953788505,1.40530481814,1.04492700487
58,2.3200000000,-0.113181132819,1.41101836048,1.02110634445
59,2.3600000000,-0.0567769736172,1.40769198602,0.997245613213
60,2.4000000000,-0.000684610930698,1.39545467577,0.973647813449
61,2.4400000000,0.0547430189508,1.37449053117,0.950605706392
62,2.4800000000,0.109161416274,1.34503694601,0.928394622677
63,2.5200000000,0.162236607644,1.3073824613,0.907265883773
64,2.5600000000,0.213647143983,1.26186432051,0.887440985958
65,2.6000000000,0.263085995027,1.20886574438,0.869106675528
66,2.6400000000,0.310262329547,1.14881294576,0.852411018439
67,2.6800000000,0.354903171325,1.0821719068,0.837460539963
68,2.7200000000,0.396754921864,1.0094449417,0.824318481214
69,2.7600000000,0.435584741709,0.931167069451,0.813004190034
70,2.8000000000,0.471181783306,0.847902221813,0.803493634717
71,2.8400000000,0.503358269325,0.760239312821,0.795721000974
72,2.8800000000,0.531950411422,0.668788196228,0.789581306131
73,2.9200000000,0.556819165522,0.574175538072,0.784933940445
74,2.9600000000,0.577850820751,0.477040631557,0.781607024163
75,3.0000000000,0.594957420271,0.37803118158,0.779402450995
76,3.0400000000,0.60807701334,0.277799086054,0.778101474412
77,3.0800000000,0.617173739007,0.176996240887,0.777470682885
78,3.1200000000,0.622237742925,0.0762703950176,0.77726820402
79,3.1600000000,0.623284929792,-0.0237389187407,0.777249975544
